1;1955;9.900000;940;small
2;1311;9.900000;11;small
3;2804;9.900000;15;small
4;3575;9.900000;13;small
5;3888;9.900000;16;small
6;4263;9.900000;18;small
7;2308;9.900000;21;small
8;4618;9.900000;18;small
9;3262;9.900000;21;small
10;2028;9.900000;29;small
11;5004;9.900000;26;small
12;1890;9.900000;56;small
13;390;9.900000;58;small
14;1747;9.900000;44;small
15;5299;9.900000;38;small
16;1957;9.900000;124;small
17;3709;9.900000;290;small
18;3813;9.900000;294;small
19;3532;9.900000;328;small
20;5479;9.900000;354;small
21;3886;9.900000;353;small
22;1287;9.900000;402;small
23;3385;9.900000;382;small
24;3738;9.900000;403;small
25;3634;9.900000;362;small
26;1191;9.900000;422;small
27;1337;9.900000;415;small
28;3532;9.900000;432;small
29;3920;9.900000;483;small
30;5358;9.900000;457;small
31;1314;9.900000;457;small
32;3644;9.900000;445;small
33;3818;9.900000;456;small
34;3378;9.900000;504;small
35;3962;9.900000;488;small
36;5154;9.900000;507;small
37;2296;9.900000;527;small
38;3493;9.900000;547;small
39;3534;9.900000;505;small
40;4283;9.900000;522;small
41;3729;9.900000;546;small
42;2381;9.900000;529;small
43;3643;9.900000;560;small
44;4449;9.900000;528;small
45;3864;9.900000;592;small
46;2388;9.900000;595;small
47;922;9.900000;579;small
48;4009;9.900000;584;small
49;1803;9.900000;606;small
50;2475;9.900000;613;small
51;3592;9.900000;617;small
52;3791;9.900000;701;small
53;3367;9.900000;635;small
54;1867;9.900000;675;small
55;3691;9.900000;669;small
56;4421;9.900000;664;small
57;1801;9.900000;678;small
58;2477;9.900000;686;small
59;3961;9.900000;676;small
60;3462;9.900000;663;small
61;1506;9.900000;692;small
62;2111;9.900000;686;small
63;1926;9.900000;676;small
64;1975;9.900000;704;small
65;3573;9.900000;687;small
66;2198;9.900000;707;small
67;2036;9.900000;709;small
68;750;9.900000;711;small
69;1430;9.900000;709;small
70;2262;9.900000;746;small
71;3700;9.900000;751;small
72;3875;9.900000;739;small
73;3422;9.900000;748;small
74;4204;9.900000;755;small
75;1559;9.900000;758;small
76;3530;9.900000;761;small
77;1886;9.900000;761;small
78;1818;9.900000;758;small
79;1344;9.900000;771;small
80;2059;9.900000;776;small
81;4279;9.900000;772;small
82;2155;9.900000;790;small
83;1981;9.900000;792;small
84;1490;9.900000;801;small
85;4230;9.900000;811;small
86;4349;9.900000;803;small
87;3649;9.900000;809;small
88;3962;9.900000;805;small
89;1401;9.900000;813;small
90;1550;9.900000;842;small
91;2093;9.900000;839;small
92;3748;9.900000;846;small
93;2308;9.900000;838;small
94;4057;9.900000;846;small
95;2177;9.900000;858;small
96;3575;9.900000;864;small
97;2265;9.900000;883;small
98;2122;9.900000;882;small
99;3861;9.900000;869;small
100;2205;9.900000;917;small
101;1482;9.900000;906;small
102;4892;9.900000;923;small
103;1575;9.900000;919;small
104;4249;9.900000;931;small
105;2135;9.900000;941;small
106;1653;9.900000;934;small
107;3666;9.900000;940;small
108;3806;9.900000;968;small
109;4100;9.900000;963;small
110;3732;9.900000;962;small
111;4566;9.900000;940;small
112;3960;9.900000;944;small
113;1230;9.900000;965;small
114;62;9.900000;970;small
115;1327;9.900000;977;small
116;4353;9.900000;959;small
117;4626;9.900000;1004;small
118;4675;9.900000;1000;small
119;1525;9.900000;983;small
120;4848;9.900000;1000;small
121;109;9.900000;999;small
122;1052;9.900000;1003;small
123;1893;9.900000;1003;small
124;4242;9.900000;1001;small
125;4784;9.900000;1030;small
126;4467;9.900000;1014;small
127;4532;9.900000;1032;small
128;54;9.900000;1035;small
129;1475;9.900000;1035;small
130;4414;9.900000;1044;small
131;4715;9.900000;1036;small
132;1628;9.900000;1034;small
133;4135;9.900000;1068;small
134;3599;9.900000;1019;small
135;3963;9.900000;1063;small
136;1797;9.900000;1049;small
137;1129;9.900000;1049;small
138;4590;9.900000;1058;small
139;3762;9.900000;1057;small
140;1380;9.900000;1057;small
141;3878;9.900000;1074;small
142;2172;9.900000;1056;small
143;4834;9.900000;1076;small
144;3679;9.900000;1087;small
145;1541;9.900000;1083;small
146;1847;9.900000;1084;small
147;4015;9.900000;1097;small
148;4240;9.900000;1088;small
149;4762;9.900000;1093;small
150;844;9.900000;1103;small
151;4479;9.900000;1114;small
152;1714;9.900000;1096;small
153;1045;9.900000;1106;small
154;1189;9.900000;1094;small
155;1447;9.900000;1096;small
156;1274;9.900000;1095;small
157;4343;9.900000;1100;small
158;1337;9.900000;1127;small
159;4655;9.900000;1076;small
160;4906;9.900000;1134;small
161;1610;9.900000;1123;small
162;3606;9.900000;1127;small
163;4843;9.900000;1140;small
164;4406;9.900000;1144;small
165;1942;9.900000;1148;small
166;1230;9.900000;1167;small
167;1111;9.900000;1151;small
168;4195;9.900000;1156;small
169;4597;9.900000;1131;small
170;1493;9.900000;1149;small
171;3990;9.900000;1169;small
172;4789;9.900000;1172;small
173;5028;9.900000;1184;small
174;966;9.900000;1160;small
175;4993;9.900000;1153;small
176;3780;9.900000;1164;small
177;1679;9.900000;1169;small
178;2056;9.900000;1170;small
179;4465;9.900000;1177;small
180;2323;9.900000;1150;small
181;4362;9.900000;1179;small
182;4693;9.900000;1145;small
183;1853;9.900000;1191;small
184;4111;9.900000;1179;small
185;2341;9.900000;1206;small
186;1776;9.900000;1180;small
187;1394;9.900000;1183;small
188;3875;9.900000;1198;small
189;5110;9.900000;1198;small
190;4259;9.900000;1199;small
191;1565;9.900000;1210;small
192;2191;9.900000;1198;small
193;4872;9.900000;1219;small
194;3550;9.900000;1202;small
195;1922;9.900000;1225;small
196;4345;9.900000;1230;small
197;1465;9.900000;1228;small
198;1142;9.900000;1233;small
199;4661;9.900000;1221;small
200;1046;9.900000;1240;small
201;3456;9.900000;1240;small
202;4760;9.900000;1228;small
203;979;9.900000;1236;small
204;2905;9.900000;1206;small
205;1258;9.900000;1238;small
206;3724;9.900000;1237;small
207;4584;9.900000;1252;small
208;1339;9.900000;1247;small
209;4493;9.900000;1265;small
210;1699;9.900000;1240;small
211;4946;9.900000;1244;small
212;4005;9.900000;1261;small
213;2010;9.900000;1263;small
214;5051;9.900000;1281;small
215;4146;9.900000;1293;small
216;2094;9.900000;1244;small
217;1611;9.900000;1274;small
218;1502;9.900000;1283;small
219;4195;9.900000;1228;small
220;4273;9.900000;1263;small
221;4400;9.900000;1261;small
222;1843;9.900000;1286;small
223;2279;9.900000;1283;small
224;4778;9.900000;1285;small
225;3601;9.900000;1298;small
226;3864;9.900000;1279;small
227;2139;9.900000;1313;small
228;1771;9.900000;1323;small
229;4559;9.900000;1340;small
230;1337;9.900000;1330;small
231;1423;9.900000;1344;small
232;4278;9.900000;1332;small
233;1926;9.900000;1311;small
234;4909;9.900000;1316;small
235;1196;9.900000;1334;small
236;4434;9.900000;1355;small
237;3389;9.900000;1339;small
238;1682;9.900000;1335;small
239;4661;9.900000;1345;small
240;3701;9.900000;1347;small
241;1253;9.900000;1317;small
242;1596;9.900000;1363;small
243;4974;9.900000;1364;small
244;4085;9.900000;1362;small
245;4384;9.900000;1331;small
246;1108;9.900000;1360;small
247;1486;9.900000;1352;small
248;4848;9.900000;1365;small
249;4011;9.900000;1378;small
250;4158;9.900000;1398;small
251;2066;9.900000;1378;small
252;4753;9.900000;1387;small
253;1846;9.900000;1396;small
254;3483;9.900000;1399;small
255;1974;9.900000;1401;small
256;1279;9.900000;1409;small
257;4563;9.900000;1383;small
258;3889;9.900000;1385;small
259;1667;9.900000;1411;small
260;3764;9.900000;1408;small
261;1365;9.900000;1414;small
262;3601;9.900000;1416;small
263;4221;9.900000;1423;small
264;4291;9.900000;1441;small
265;3323;9.900000;1424;small
266;745;9.900000;1431;small
267;1759;9.900000;1436;small
268;4449;9.900000;1414;small
269;4903;9.900000;1460;small
270;4347;9.900000;1408;small
271;1530;9.900000;1450;small
272;1212;9.900000;1458;small
273;1433;9.900000;1464;small
274;1902;9.900000;1456;small
275;3813;9.900000;1475;small
276;1608;9.900000;1465;small
277;4657;9.900000;1449;small
278;4142;9.900000;1498;small
279;816;9.900000;1465;small
280;4839;9.900000;1488;small
281;1085;9.900000;1475;small
282;4057;9.900000;1445;small
283;4563;9.900000;1473;small
284;1697;9.900000;1502;small
285;1304;9.900000;1499;small
286;4222;9.900000;1499;small
287;3560;9.900000;1499;small
288;3720;9.900000;1488;small
289;4318;9.900000;1506;small
290;2161;9.900000;1502;small
291;3948;9.900000;1507;small
292;4451;9.900000;1499;small
293;3767;9.900000;1526;small
294;1802;9.900000;1540;small
295;4728;9.900000;1515;small
296;1184;9.900000;1546;small
297;2116;9.900000;1551;small
298;1629;9.900000;1546;small
299;1432;9.900000;1542;small
300;1319;9.900000;1572;small
301;2217;9.900000;1547;small
302;4149;9.900000;1568;small
303;2321;9.900000;1567;small
304;3846;9.900000;1578;small
305;3497;9.900000;1571;small
306;2412;9.900000;1573;small
307;1070;9.900000;1571;small
308;4362;9.900000;1599;small
309;940;9.900000;1597;small
310;1543;9.900000;1582;small
311;3598;9.900000;1598;small
312;3735;9.900000;1587;small
313;4049;9.900000;1601;small
314;2118;9.900000;1605;small
315;3318;9.900000;1600;small
316;4281;9.900000;1610;small
317;3184;9.900000;1595;small
318;4678;9.900000;1593;small
319;2559;9.900000;1619;small
320;2245;9.900000;1635;small
321;1190;9.900000;1651;small
322;1317;9.900000;1646;small
323;4443;9.900000;1623;small
324;3089;9.900000;1639;small
325;3937;9.900000;1618;small
326;2427;9.900000;1638;small
327;3695;9.900000;1651;small
328;4500;9.900000;1683;small
329;4552;9.900000;1615;small
330;4224;9.900000;1676;small
331;2175;9.900000;1671;small
332;1458;9.900000;1669;small
333;2926;9.900000;1654;small
334;975;9.900000;1689;small
335;3589;9.900000;1646;small
336;2101;9.900000;1677;small
337;2817;9.900000;1680;small
338;2714;9.900000;1694;small
339;4362;9.900000;1700;small
340;2311;9.900000;1692;small
341;1085;9.900000;1688;small
342;741;9.900000;1705;small
343;4040;9.900000;1701;small
344;4282;9.900000;1725;small
345;2048;9.900000;1716;small
346;4510;9.900000;1732;small
347;2486;9.900000;1729;small
348;1222;9.900000;1753;small
349;1347;9.900000;1743;small
350;2377;9.900000;1751;small
351;2612;9.900000;1747;small
352;2146;9.900000;1764;small
353;4429;9.900000;1752;small
354;264;9.900000;1770;small
355;2236;9.900000;1746;small
356;3448;9.900000;1770;small
357;2934;9.900000;1780;small
358;1780;9.900000;1777;small
359;1961;9.900000;1795;small
360;2778;9.900000;1779;small
361;3290;9.900000;1790;small
362;2055;9.900000;1798;small
363;2875;9.900000;1813;small
364;1406;9.900000;1792;small
365;1878;9.900000;1788;small
366;2203;9.900000;1808;small
367;5137;9.900000;1834;small
368;2528;9.900000;1833;small
369;1467;9.900000;1824;small
370;1822;9.900000;1861;small
371;2023;9.900000;1862;small
372;1780;9.900000;1826;small
373;1937;9.900000;1866;small
374;2216;9.900000;1888;small
375;2400;9.900000;1872;small
376;2151;9.900000;1874;small
377;2681;9.900000;1870;small
378;2799;9.900000;1881;small
379;2981;9.900000;1890;small
380;2082;9.900000;1918;small
381;2294;9.900000;1872;small
382;1886;9.900000;1922;small
383;1773;9.900000;1935;small
384;1997;9.900000;1937;small
385;2492;9.900000;1984;small
386;2646;9.900000;2000;small
387;1857;9.900000;2019;small
388;2217;9.900000;2024;small
389;263;9.900000;102;small
390;4854;9.900000;110;small
391;3642;9.900000;25;small
392;3549;9.900000;83;small
393;2955;9.900000;107;small
394;1479;9.900000;138;small
395;1024;9.900000;147;small
396;4918;9.900000;164;small
397;2431;9.900000;131;small
398;570;9.900000;122;small
399;5212;9.900000;148;small
400;4362;9.900000;114;small
401;2000;9.900000;295;small
402;699;9.900000;218;small
403;1947;9.900000;171;small
404;5459;9.900000;306;small
405;320;9.900000;273;small
406;2837;9.900000;312;small
407;4068;9.900000;281;small
408;2338;9.900000;330;small
409;3473;9.900000;236;small
410;4818;9.900000;286;small
411;618;9.900000;289;small
412;1927;9.900000;293;small
413;5341;9.900000;315;small
414;223;9.900000;327;small
415;2337;9.900000;314;small
416;4390;9.900000;313;small
417;1428;9.900000;317;small
418;3960;9.900000;328;small
419;4632;9.900000;328;small
420;2721;9.900000;395;small
421;2344;9.900000;340;small
422;5383;9.900000;380;small
423;1111;9.900000;363;small
424;65;9.900000;326;small
425;1695;9.900000;301;small
426;210;9.900000;397;small
427;3033;9.900000;467;small
428;5080;9.900000;382;small
429;566;9.900000;339;small
430;1452;9.900000;421;small
431;5475;9.900000;475;small
432;347;9.900000;372;small
433;4829;9.900000;434;small
434;4304;9.900000;431;small
435;1763;9.900000;538;small
436;2321;9.900000;467;small
437;4514;9.900000;553;small
438;3221;9.900000;471;small
439;782;9.900000;456;small
440;4082;9.900000;511;small
441;1491;9.900000;510;small
442;4759;9.900000;502;small
443;4419;9.900000;533;small
444;1050;9.900000;474;small
445;2555;9.900000;597;small
446;5411;9.900000;641;small
447;4202;9.900000;529;small
448;5521;9.900000;625;small
449;4358;9.900000;561;small
450;1736;9.900000;544;small
451;1889;9.900000;528;small
452;1470;9.900000;586;small
453;5139;9.900000;654;small
454;4511;9.900000;579;small
455;4799;9.900000;674;small
456;2991;9.900000;641;small
457;5081;9.900000;723;small
458;234;9.900000;646;small
459;1141;9.900000;619;small
460;4520;9.900000;705;small
461;989;9.900000;730;small
462;4618;9.900000;691;small
463;4195;9.900000;754;small
464;4305;9.900000;687;small
465;5467;9.900000;769;small
466;2283;9.900000;649;small
467;4848;9.900000;656;small
468;5347;9.900000;648;small
469;3274;9.900000;738;small
470;2714;9.900000;677;small
471;590;9.900000;725;small
472;4990;9.900000;699;small
473;4470;9.900000;775;small
474;1687;9.900000;760;small
475;1051;9.900000;777;small
476;5116;9.900000;704;small
477;4544;9.900000;753;small
478;1010;9.900000;796;small
479;2528;9.900000;740;small
480;3108;9.900000;716;small
481;4786;9.900000;718;small
482;1225;9.900000;820;small
483;882;9.900000;777;small
484;227;9.900000;889;small
485;4447;9.900000;795;small
486;2469;9.900000;822;small
487;4158;9.900000;856;small
488;1849;9.900000;936;small
489;142;9.900000;908;small
490;5144;9.900000;895;small
491;1409;9.900000;943;small
492;4513;9.900000;776;small
493;2048;9.900000;921;small
494;4847;9.900000;863;small
495;994;9.900000;948;small
496;2703;9.900000;981;small
497;3434;9.900000;913;small
498;372;9.900000;1000;small
499;3392;9.900000;1006;small
500;1704;9.900000;922;small
501;3088;9.900000;1046;small
502;2352;9.900000;970;small
503;181;9.900000;1048;small
504;5115;9.900000;1028;small
505;632;9.900000;1038;small
506;2525;9.900000;1103;small
507;5104;9.900000;975;small
508;2548;9.900000;1112;small
509;1917;9.900000;1053;small
510;2054;9.900000;1068;small
511;3393;9.900000;1083;small
512;386;9.900000;949;small
513;924;9.900000;1128;small
514;5423;9.900000;1095;small
515;108;9.900000;1132;small
516;3598;9.900000;1167;small
517;2286;9.900000;1243;small
518;2321;9.900000;1191;small
519;2526;9.900000;1160;small
520;3263;9.900000;1248;small
521;3310;9.900000;1247;small
522;2906;9.900000;1202;small
523;309;9.900000;1247;small
524;2716;9.900000;1336;small
525;1081;9.900000;1315;small
526;5403;9.900000;1358;small
527;797;9.900000;1343;small
528;2170;9.900000;1522;small
529;2982;9.900000;1454;small
530;3287;9.900000;1448;small
531;686;9.900000;1420;small
532;117;9.900000;1423;small
533;2322;9.900000;1409;small
534;5017;9.900000;1474;small
535;902;9.900000;1359;small
536;515;9.900000;1388;small
537;2594;9.900000;1525;small
538;969;9.900000;1522;small
539;5254;9.900000;1546;small
540;5189;9.900000;1582;small
541;2811;9.900000;1548;small
542;2661;9.900000;1568;small
543;2995;9.900000;1640;small
544;5019;9.900000;1652;small
545;1838;9.900000;1633;small
546;1715;9.900000;1611;small
547;3364;9.900000;1686;small
548;584;9.900000;1681;small
549;5160;9.900000;1833;small
550;847;9.900000;1685;small
551;3855;9.900000;1776;small
552;4852;9.900000;1776;small
553;3051;9.900000;1796;small
554;4174;9.900000;1820;small
555;5448;9.900000;1835;small
556;4624;9.900000;1821;small
557;1157;9.900000;1835;small
558;4989;9.900000;1783;small
559;4281;9.900000;1819;small
560;249;9.900000;1820;small
561;2938;9.900000;1697;small
562;3223;9.900000;1947;small
563;5159;9.900000;1869;small
564;1586;9.900000;1907;small
565;4877;9.900000;1836;small
566;981;9.900000;1967;small
567;171;9.900000;1882;small
568;3501;9.900000;1905;small
569;4170;9.900000;1968;small
570;2303;9.900000;1979;small
571;3998;9.900000;1990;small
572;2776;9.900000;1959;small
573;3700;9.900000;1940;small
574;3077;9.900000;1979;small
575;2049;9.900000;1989;small
576;4987;9.900000;2006;small
577;4551;9.900000;2001;small
578;4151;9.900000;1702;small
579;1780;9.900000;983;small
580;1911;9.900000;955;small
581;1137;9.900000;489;small
582;5309;9.900000;410;small
583;1058;9.900000;806;small
584;1042;9.900000;804;small
585;1955;9.900000;1021;small
586;3586;9.900000;1730;small
